20
99 97
94 30 79 51 84 45 46 41 51 96 15 22 58 43 21 30 91 20 71 47 97 14 45 21 23 2 67 20 46 66 68 91 47 46 41 30 90 39 70 93 34 85 66 43 79 86 25 70 57 47 16 5 60 13 25 35 66 92 6 11 57 74 2 3 19 94 32 61 32 54 53 17 38 18 12 16 56 36 37 12 82 5 17 93 17 41 27 82 32 33 45 40 6 98 42 76 91 26 36 
75 79
40 43 16 10 54 83 17 89 20 28 22 24 96 15 92 89 93 25 72 25 21 12 82 18 5 58 61 30 45 35 8 37 29 75 98 83 58 14 23 29 93 97 4 89 11 47 29 55 71 52 32 44 63 13 61 20 22 21 49 19 7 9 7 36 83 4 70 92 17 92 72 9 88 27 49 
50 73
29 5 96 81 88 39 95 100 51 14 74 24 15 44 30 23 50 17 57 53 86 1 21 30 24 81 17 51 82 19 75 10 75 22 90 62 12 85 13 15 98 38 38 12 81 19 86 30 36 95 
34 73
95 6 54 70 87 23 72 68 41 99 77 15 72 19 28 84 3 40 50 52 78 87 16 10 5 53 92 92 47 25 17 93 31 70 
63 69
92 86 36 84 84 64 50 56 82 77 91 36 69 40 88 98 78 55 7 82 7 98 26 54 75 94 46 57 15 60 77 7 46 12 42 81 27 92 36 61 68 78 96 36 17 35 85 94 89 92 28 48 41 5 1 67 98 98 75 12 10 51 70 
55 14
12 87 41 3 23 53 22 100 48 10 69 35 94 14 75 37 41 22 30 97 74 96 46 72 71 10 81 73 79 87 87 42 73 79 96 47 31 18 99 30 27 19 64 72 32 91 9 25 12 38 21 86 85 19 9 
7 28
41 80 6 79 66 100 3 
96 95
2 26 64 100 55 42 70 71 14 1 61 74 77 72 63 50 9 47 68 69 54 95 61 85 52 39 2 51 42 97 98 95 22 61 94 76 3 15 46 16 67 58 41 44 30 3 45 90 49 12 59 54 58 19 90 9 10 91 12 3 87 9 97 60 69 42 88 23 56 85 90 22 43 30 17 24 32 61 13 33 24 23 38 81 94 28 42 3 70 5 57 9 65 53 68 85 
94 7
8 1 92 97 22 86 27 91 9 10 51 73 42 27 48 80 59 93 59 100 47 28 56 3 36 20 55 56 5 100 62 12 100 5 60 73 90 38 63 50 48 66 75 41 44 74 72 2 66 30 54 12 58 9 14 45 81 20 100 85 19 62 48 70 18 7 94 8 97 9 9 44 26 83 84 69 8 8 70 73 37 75 36 46 84 1 91 64 20 42 100 90 55 47 
11 73
5 5 32 1 13 40 96 38 75 32 58 
82 39
79 7 27 54 42 73 89 95 15 52 66 8 3 8 63 1 18 35 57 74 66 58 38 57 5 27 31 36 84 65 26 63 71 53 68 64 77 56 10 43 59 76 50 61 83 12 61 52 98 17 78 15 26 67 72 83 94 54 70 29 18 96 43 40 100 10 56 28 65 65 70 23 40 71 83 74 83 95 78 32 64 55 
47 41
21 18 23 66 23 93 47 41 40 89 80 91 99 35 70 15 52 39 38 91 9 72 17 43 19 94 75 82 100 73 74 72 90 97 90 64 41 36 4 32 24 36 74 74 22 43 41 
73 33
78 16 41 1 32 36 19 77 62 52 76 34 26 99 75 74 88 38 66 23 42 49 99 29 22 24 50 64 64 23 48 93 90 40 94 21 75 64 49 36 16 76 69 93 74 95 66 14 33 83 88 26 31 86 54 52 62 3 67 25 77 14 70 66 53 63 38 80 78 38 67 93 13 
36 37
87 82 2 100 14 36 87 39 66 25 92 69 38 47 35 14 75 100 83 93 5 97 30 84 75 68 50 19 32 37 56 18 19 9 69 84 
45 8
23 10 84 66 79 21 12 65 34 87 65 69 79 21 65 60 4 39 79 5 10 11 94 65 80 64 73 1 47 69 8 69 31 43 35 9 63 98 25 48 36 41 16 14 61 
81 26
16 71 56 21 80 66 14 96 98 77 21 98 23 89 5 44 19 47 30 79 61 27 4 8 63 44 24 28 5 56 5 20 26 61 92 58 26 57 53 23 33 73 72 8 62 76 3 32 74 32 11 34 58 14 94 72 9 69 100 65 24 56 85 1 16 28 58 94 85 63 68 69 87 40 76 100 15 78 32 41 61 
94 26
71 59 19 42 67 87 93 32 62 49 68 63 64 95 72 57 79 86 77 48 73 16 75 72 82 5 55 22 17 48 48 87 6 18 81 73 5 73 56 66 73 75 80 89 69 52 97 100 89 73 99 61 88 25 33 70 81 87 43 98 87 90 84 92 8 16 16 64 89 71 81 13 45 13 1 66 16 50 17 4 22 15 65 10 91 49 31 72 87 73 21 73 15 56 
17 22
72 32 37 12 3 69 24 99 81 77 64 48 26 32 52 47 98 
68 8
89 16 38 12 54 63 32 79 77 39 95 50 10 26 86 21 28 6 97 79 39 25 94 86 50 26 89 48 23 56 56 63 23 45 74 77 7 57 55 83 96 49 32 57 74 69 30 54 27 26 32 65 2 77 2 51 2 91 50 25 46 57 87 21 2 13 97 60 
69 3
95 16 51 78 73 76 99 2 81 25 79 64 41 80 41 42 82 42 84 31 18 82 88 57 2 41 21 98 100 89 100 46 57 2 24 29 29 74 82 10 98 12 73 90 43 65 31 24 7 67 54 76 48 93 84 49 33 4 46 33 45 97 30 1 50 53 81 78 26 
